115343365
115736614
114589700
115245058
115900426
114655242
114688001
86835249
86605848
87097412
87293988
86638635
87228444
86638625
87359509
86802435
85393411
87261210
83591170
86802460
87326747
85426182
78708741
85721112
87195656
85295121
85590041
79200269
78610434
85721102
85262341
85590018
79134726
87588911
86671400
87687221
87687198
87621670
87588885
87523410
88473738
87359538
86704176
86868009
88211530
87687208
87523334
80117784
80117796
79855621
79626252
79888387
82182146
79527938

281313282
280952845
312147969